0,       0.00,      90.00
0,     -12.96,      73.80
0.5,       0.00,      90.00
0.5,     -12.96,      73.80
1.0,       0.00,      90.00
1.0,     -12.96,      73.80
1.5,       0.00,      90.00
1.5,     -12.96,      73.80
2.0,       0.00,      90.00
2.0,     -12.96,      73.80
2.5,       0.00,      90.00
2.5,     -12.96,      73.80
3.0,       0.00,      90.00
3.0,     -12.96,      73.80
3.5,       0.00,      90.00
3.5,     -12.96,      73.80
4.0,       0.00,      90.00
4.0,     -12.96,      73.80
4.5,       0.00,      90.00
4.5,     -12.96,      73.80
5.0,       0.00,      90.00
5.0,     -12.96,      73.80
5.5,       0.00,      90.00
5.5,     -12.96,      73.80
6.0,      -1.01,      88.74
6.0,     -13.97,      72.54
6.5,      -2.19,      87.26
6.5,     -15.15,      71.06
7.0,      -3.38,      85.78
7.0,     -16.34,      69.58
7.5,      -4.57,      84.29
7.5,     -17.53,      68.09
8.0,      -5.76,      82.80
8.0,     -18.72,      66.60
8.5,      -6.96,      81.30
8.5,     -19.92,      65.10
9.0,      -8.17,      79.79
9.0,     -18.47,      64.04
9.5,      -9.38,      78.27
9.5,     -16.82,      63.01
10.0,     -10.60,      76.75
10.0,     -15.16,      61.98
10.5,     -11.84,      75.20
10.5,     -13.49,      60.93
11.0,     -13.08,      73.64
11.0,     -11.79,      59.87
11.5,     -14.33,      72.08
11.5,     -10.10,      58.81
12.0,     -15.57,      70.54
12.0,      -8.42,      57.76
12.5,     -16.76,      69.05
12.5,      -6.80,      56.75
13.0,     -16.79,      62.99
13.0,       0.81,      52.00
13.5,     -15.97,      62.48
13.5,       1.62,      51.49
14.0,     -14.91,      61.82
14.0,       2.68,      50.83
14.5,     -13.66,      61.04
14.5,       3.93,      50.04
15.0,     -12.25,      60.16
15.0,       5.34,      49.16
15.5,     -10.74,      59.21
15.5,       6.85,      48.22
16.0,      -9.14,      58.22
16.0,       8.45,      47.22
16.5,      -7.50,      57.19
16.5,      10.09,      46.19
17.0,      -5.82,      56.14
17.0,      11.77,      45.14
17.5,      -4.13,      55.08
17.5,      13.46,      44.09
18.0,      -2.44,      54.02
18.0,      15.15,      43.03
18.5,      -0.74,      52.96
18.5,      16.85,      41.97
19.0,       0.95,      51.91
19.0,      18.54,      40.91
19.5,       2.63,      50.85
19.5,      19.76,      39.90
20.0,       4.31,      49.81
20.0,      17.93,      39.14
20.5,       5.99,      48.76
20.5,      16.10,      38.38
21.0,       7.66,      47.71
21.0,      14.28,      37.62
21.5,       9.34,      46.66
21.5,      12.45,      36.86
22.0,      11.03,      45.61
22.0,      10.61,      36.09
22.5,      12.73,      44.55
22.5,       8.77,      35.32
23.0,      13.59,      37.33
23.0,      -5.56,      29.35
23.5,      14.07,      37.53
23.5,      -5.08,      29.55
24.0,      14.09,      37.54
24.0,      -5.06,      29.56
24.5,      13.67,      37.36
24.5,      -5.48,      29.38
25.0,      12.85,      37.02
25.0,      -6.30,      29.04
25.5,      11.69,      36.54
25.5,      -7.46,      28.56
26.0,      10.28,      35.95
26.0,      -8.87,      27.97
26.5,       8.67,      35.28
26.5,     -10.48,      27.30
27.0,       6.94,      34.56
27.0,     -12.21,      26.58
27.5,       5.13,      33.81
27.5,     -14.02,      25.83
28.0,       3.30,      33.04
28.0,     -15.85,      25.06
28.5,       1.45,      32.27
28.5,     -17.70,      24.29
29.0,      -0.39,      31.51
29.0,     -19.54,      23.53
29.5,      -2.21,      30.75
29.5,     -21.36,      22.77
30.0,      -4.01,      29.99
30.0,     -23.16,      22.01
30.5,      -5.80,      29.25
30.5,     -24.95,      21.27
31.0,      -7.57,      28.51
31.0,     -26.72,      20.53
31.5,      -9.34,      27.78
31.5,     -28.49,      19.80
32.0,     -11.10,      27.04
32.0,     -30.25,      19.06
32.5,     -12.85,      26.31
32.5,     -32.00,      18.33
33.0,     -14.61,      25.58
33.0,     -33.76,      17.60
33.5,     -16.37,      24.85
33.5,     -35.52,      16.87
34.0,     -18.14,      24.11
34.0,     -37.29,      16.13
34.5,     -19.91,      23.37
34.5,     -39.06,      15.39
35.0,     -21.70,      22.63
35.0,     -39.12,      14.73
35.5,     -23.49,      21.88
35.5,     -37.27,      14.15
36.0,     -25.29,      21.13
36.0,     -35.41,      13.56
36.5,     -27.11,      20.37
36.5,     -33.53,      12.98
37.0,     -28.94,      19.61
37.0,     -31.64,      12.39
37.5,     -30.78,      18.84
37.5,     -29.73,      11.79
38.0,     -32.62,      18.07
38.0,     -27.83,      11.20
38.5,     -34.38,      17.34
38.5,     -26.00,      10.63
39.0,     -34.88,      13.40
39.0,     -15.07,       7.21
39.5,     -35.03,      13.45
39.5,     -15.23,       7.26
40.0,     -34.72,      13.35
40.0,     -14.92,       7.16
40.5,     -33.97,      13.11
40.5,     -14.16,       6.93
41.0,     -32.84,      12.76
41.0,     -13.04,       6.57
41.5,     -31.42,      12.32
41.5,     -11.62,       6.13
42.0,     -29.78,      11.81
42.0,      -9.98,       5.62
42.5,     -28.00,      11.25
42.5,      -8.20,       5.06
43.0,     -26.13,      10.67
43.0,      -6.33,       4.48
43.5,     -24.23,      10.07
43.5,      -4.43,       3.88
44.0,     -22.32,       9.48
44.0,      -2.52,       3.29
44.5,     -20.43,       8.88
44.5,      -0.63,       2.70
45.0,     -18.55,       8.30
45.0,       1.25,       2.11
45.5,     -16.70,       7.72
45.5,       3.11,       1.53
46.0,     -14.86,       7.14
46.0,       4.94,       0.96
46.5,     -13.04,       6.58
46.5,       6.76,       0.39
47.0,     -11.24,       6.01
47.0,       8.56,      -0.18
47.5,      -9.44,       5.45
47.5,      10.36,      -0.74
48.0,      -7.65,       4.89
48.0,      12.16,      -1.30
48.5,      -5.85,       4.33
48.5,      13.95,      -1.86
49.0,      -4.04,       3.76
49.0,      15.76,      -2.42
49.5,      -2.23,       3.20
49.5,      17.57,      -2.99
50.0,      -0.41,       2.63
50.0,      19.39,      -3.56
50.5,       1.42,       2.06
50.5,      21.22,      -4.13
51.0,       3.26,       1.48
51.0,      23.06,      -4.71
51.5,       5.11,       0.90
51.5,      24.91,      -5.29
52.0,       6.97,       0.32
52.0,      26.77,      -5.87
52.5,       8.84,      -0.26
52.5,      28.65,      -6.45
53.0,      10.72,      -0.85
53.0,      30.52,      -7.04
53.5,      12.61,      -1.44
53.5,      32.41,      -7.63
54.0,      14.50,      -2.03
54.0,      34.30,      -8.22
54.5,      16.40,      -2.62
54.5,      36.20,      -8.81
55.0,      18.29,      -3.22
55.0,      38.10,      -9.41
55.5,      20.20,      -3.81
55.5,      40.00,     -10.00
56.0,      22.10,      -4.41
56.0,      38.06,     -10.48
56.5,      24.01,      -5.00
56.5,      36.13,     -10.97
57.0,      25.92,      -5.60
57.0,      34.19,     -11.45
57.5,      27.83,      -6.20
57.5,      32.25,     -11.94
58.0,      29.73,      -6.79
58.0,      30.31,     -12.42
58.5,      31.60,      -7.38
58.5,      28.41,     -12.90
59.0,      33.38,      -7.93
59.0,      26.60,     -13.35
59.5,      34.57,     -11.36
59.5,      14.45,     -16.39
60.0,      34.90,     -11.28
60.0,      14.77,     -16.31
60.5,      34.74,     -11.31
60.5,      14.62,     -16.35
61.0,      34.12,     -11.47
61.0,      14.00,     -16.50
61.5,      33.10,     -11.72
61.5,      12.97,     -16.76
62.0,      31.75,     -12.06
62.0,      11.62,     -17.09
62.5,      30.15,     -12.46
62.5,      10.02,     -17.49
63.0,      28.38,     -12.91
63.0,       8.25,     -17.94
63.5,      26.51,     -13.37
63.5,       6.38,     -18.41
64.0,      24.58,     -13.85
64.0,       4.45,     -18.89
64.5,      22.64,     -14.34
64.5,       2.51,     -19.37
65.0,      20.71,     -14.82
65.0,       0.58,     -19.85
65.5,      18.79,     -15.30
65.5,      -1.33,     -20.33
66.0,      16.90,     -15.77
66.0,      -3.23,     -20.81
66.5,      15.03,     -16.24
66.5,      -5.10,     -21.27
67.0,      13.18,     -16.71
67.0,      -6.95,     -21.74
67.5,      11.34,     -17.16
67.5,      -8.78,     -22.20
68.0,       9.51,     -17.62
68.0,     -10.61,     -22.65
68.5,       7.69,     -18.08
68.5,     -12.44,     -23.11
69.0,       5.86,     -18.53
69.0,     -14.26,     -23.57
69.5,       4.04,     -18.99
69.5,     -16.09,     -24.02
70.0,       2.20,     -19.45
70.0,     -17.93,     -24.48
70.5,       0.35,     -19.91
70.5,     -19.77,     -24.94
71.0,      -1.50,     -20.38
71.0,     -21.63,     -25.41
71.5,      -3.37,     -20.84
71.5,     -23.50,     -25.87
72.0,      -5.25,     -21.31
72.0,     -25.38,     -26.34
72.5,      -7.14,     -21.78
72.5,     -27.26,     -26.82
73.0,      -9.04,     -22.26
73.0,     -29.16,     -27.29
73.5,     -10.94,     -22.74
73.5,     -31.07,     -27.77
74.0,     -12.86,     -23.21
74.0,     -32.98,     -28.25
74.5,     -14.78,     -23.69
74.5,     -34.90,     -28.73
75.0,     -16.70,     -24.18
75.0,     -36.83,     -29.21
75.5,     -18.63,     -24.66
75.5,     -38.76,     -29.69
76.0,     -20.57,     -25.14
76.0,     -40.69,     -30.17
76.5,     -22.50,     -25.63
76.5,     -42.63,     -30.66
77.0,     -24.44,     -26.11
77.0,     -44.56,     -31.14
77.5,     -26.38,     -26.59
77.5,     -46.50,     -31.63
78.0,     -28.32,     -27.08
78.0,     -48.44,     -32.11
78.5,     -30.26,     -27.56
78.5,     -50.38,     -32.60
79.0,     -32.20,     -28.05
79.0,     -52.32,     -33.08
79.5,     -34.14,     -28.53
79.5,     -54.26,     -33.57
80.0,     -36.08,     -29.02
80.0,     -56.20,     -34.05
80.5,     -38.02,     -29.50
80.5,     -58.14,     -34.54
81.0,     -39.96,     -29.99
81.0,     -59.92,     -35.02
81.5,     -41.90,     -30.47
81.5,     -57.96,     -35.43
82.0,     -43.84,     -30.96
82.0,     -56.00,     -35.83
82.5,     -45.78,     -31.44
82.5,     -54.04,     -36.24
83.0,     -47.71,     -31.93
83.0,     -52.09,     -36.65
83.5,     -49.64,     -32.41
83.5,     -50.14,     -37.05
84.0,     -51.54,     -32.89
84.0,     -48.23,     -37.45
84.5,     -53.33,     -33.33
84.5,     -46.42,     -37.83
85.0,     -54.37,     -36.17
85.0,     -34.06,     -40.40
85.5,     -54.81,     -36.08
85.5,     -34.50,     -40.31
86.0,     -54.75,     -36.09
86.0,     -34.44,     -40.32
86.5,     -54.21,     -36.21
86.5,     -33.90,     -40.44
87.0,     -53.22,     -36.41
87.0,     -32.91,     -40.64
87.5,     -51.88,     -36.69
87.5,     -31.57,     -40.92
88.0,     -50.28,     -37.02
88.0,     -29.97,     -41.26
88.5,     -48.50,     -37.40
88.5,     -28.19,     -41.63
89.0,     -46.61,     -37.79
89.0,     -26.30,     -42.02
89.5,     -44.67,     -38.19
89.5,     -24.36,     -42.42
90.0,     -42.71,     -38.60
90.0,     -22.40,     -42.83
90.5,     -40.76,     -39.01
90.5,     -20.45,     -43.24
91.0,     -38.84,     -39.41
91.0,     -18.53,     -43.64
91.5,     -36.93,     -39.81
91.5,     -16.62,     -44.04
92.0,     -35.06,     -40.20
92.0,     -14.75,     -44.43
92.5,     -33.20,     -40.58
92.5,     -12.89,     -44.81
93.0,     -31.36,     -40.97
93.0,     -11.05,     -45.20
93.5,     -29.53,     -41.35
93.5,      -9.22,     -45.58
94.0,     -27.70,     -41.73
94.0,      -7.39,     -45.96
94.5,     -25.87,     -42.11
94.5,      -5.56,     -46.34
95.0,     -24.04,     -42.49
95.0,      -3.73,     -46.72
95.5,     -22.20,     -42.88
95.5,      -1.89,     -47.11
96.0,     -20.34,     -43.26
96.0,      -0.03,     -47.49
96.5,     -18.48,     -43.65
96.5,       1.83,     -47.88
97.0,     -16.61,     -44.04
97.0,       3.70,     -48.27
97.5,     -14.72,     -44.43
97.5,       5.59,     -48.66
98.0,     -12.82,     -44.83
98.0,       7.49,     -49.06
98.5,     -10.91,     -45.23
98.5,       9.40,     -49.46
99.0,      -8.99,     -45.63
99.0,      11.32,     -49.86
99.5,      -7.06,     -46.03
99.5,      13.25,     -50.26
100.0,      -5.13,     -46.43
100.0,      15.18,     -50.66
100.5,      -3.19,     -46.84
100.5,      17.12,     -51.07
101.0,      -1.24,     -47.24
101.0,      19.07,     -51.47
101.5,       0.71,     -47.65
101.5,      21.02,     -51.88
102.0,       2.66,     -48.05
102.0,      22.97,     -52.29
102.5,       4.62,     -48.46
102.5,      24.93,     -52.69
103.0,       6.57,     -48.87
103.0,      26.88,     -53.10
103.5,       8.53,     -49.28
103.5,      28.84,     -53.51
104.0,      10.49,     -49.68
104.0,      30.80,     -53.92
104.5,      12.44,     -50.09
104.5,      32.75,     -54.32
105.0,      14.40,     -50.50
105.0,      34.71,     -54.73
105.5,      16.36,     -50.91
105.5,      36.67,     -55.14
106.0,      18.32,     -51.32
106.0,      38.63,     -55.55
106.5,      20.28,     -51.72
106.5,      40.59,     -55.96
107.0,      22.23,     -52.13
107.0,      42.54,     -56.36
107.5,      24.19,     -52.54
107.5,      44.50,     -56.77
108.0,      26.15,     -52.95
108.0,      46.46,     -57.18
108.5,      28.11,     -53.36
108.5,      48.42,     -57.59
109.0,      30.06,     -53.76
109.0,      50.37,     -57.99
109.5,      32.02,     -54.17
109.5,      52.33,     -58.40
110.0,      33.98,     -54.58
110.0,      54.29,     -58.81
110.5,      35.94,     -54.99
110.5,      56.25,     -59.22
111.0,      37.89,     -55.39
111.0,      58.21,     -59.63
111.5,      39.85,     -55.80
111.5,      59.85,     -60.06
112.0,      41.81,     -56.21
112.0,      58.00,     -60.83
112.5,      43.77,     -56.62
112.5,      56.15,     -61.60
113.0,      45.73,     -57.03
113.0,      54.31,     -62.37
113.5,      47.68,     -57.43
113.5,      52.47,     -63.14
114.0,      49.62,     -57.84
114.0,      50.63,     -63.90
114.5,      51.53,     -58.24
114.5,      48.83,     -64.65
115.0,      53.33,     -58.61
115.0,      47.13,     -65.36
115.5,      54.64,     -62.23
115.5,      35.49,     -70.21
116.0,      54.81,     -62.16
116.0,      35.66,     -70.14
116.5,      54.52,     -62.28
116.5,      35.37,     -70.26
117.0,      53.81,     -62.58
117.0,      34.66,     -70.56
117.5,      52.74,     -63.02
117.5,      33.59,     -71.00
118.0,      51.38,     -63.59
118.0,      32.23,     -71.57
118.5,      49.81,     -64.25
118.5,      30.66,     -72.23
119.0,      48.09,     -64.96
119.0,      28.94,     -72.94
119.5,      46.30,     -65.71
119.5,      27.15,     -73.69
120.0,      44.46,     -66.48
120.0,      25.31,     -74.45
120.5,      42.61,     -67.24
120.5,      23.46,     -75.22
121.0,      40.78,     -68.01
121.0,      21.63,     -75.99
121.5,      38.96,     -68.77
121.5,      19.81,     -76.75
122.0,      37.16,     -69.52
122.0,      18.01,     -77.50
122.5,      35.38,     -70.26
122.5,      16.23,     -78.24
123.0,      33.62,     -70.99
123.0,      14.47,     -78.97
123.5,      31.87,     -71.72
123.5,      12.72,     -79.70
124.0,      30.13,     -72.45
124.0,      10.98,     -80.43
124.5,      28.39,     -73.17
124.5,       9.24,     -81.15
125.0,      26.65,     -73.90
125.0,       7.50,     -81.88
